40|699|4| Data e hora criacao do arquivo: 08/05/2018 10:02:05
41||ROZILDA FERREIRA DA SILVA|94855145220||19051987|1|3||1|||BRA|2|||||||||||||
42|1|20941|||2|4|||0|022012|1|1|0|0|0|0|0|0|0|0|0||||||0||||||||||||||||||0|||||||0|||||||||2920|1000
42|2|20941|||2|4|||0|022012|1|1|0|0|0|0|0|0|0|0|0||||||0||||||||||||||||||0|||||||0|||||||||2920|1060
42|1|28509|||2|2|||0|012016|1|1|0|0|0|0|0|0|0|0|0|0|||||0||||||||||||||||||0|||||||0|||||||||3340|540
42|2|28509|||2|2|||0|012016|1|1|0|0|0|0|0|0|0|0|0|0|||||0||||||||||||||||||0|||||||0|||||||||3340|540
41||JEAN CARLOS RAMOS DE OLIVEIRA|56001258287||18111975|0|1||1|||BRA|2|||||||||||||
42|1|100292|||4|4||||012006|1|1|0|0|0|0|0|0|0|0|0||||||0||||||||||||||||||0|||||||0|||||||||3000|1120
42|2|100292|||4|4||||012006|1|1|0|0|0|0|0|0|0|0|0||||||0||||||||||||||||||0|||||||0|||||||||3000|1120
42|1|100289|||3|4|||0|012012|1|1|0|0|0|0|0|0|0|0|0||||||0||||||||||||||||||0|||||||0|||||||||2960|1000
42|2|100289|||3|4|||0|012012|1|1|0|0|0|0|0|0|0|0|0||||||0||||||||||||||||||0|||||||0|||||||||2960|1000
42|1|15989|||3|2||||012006|1|1|0|0|0|0|0|0|0|0|0|0|||||0||||||||||||||||||0|||||||0|||||||||3000|1120
42|2|15989|||3|2||||012006|1|1|0|0|0|0|0|0|0|0|0|0|||||0||||||||||||||||||0|||||||0|||||||||3000|1120
41||EDNA RIBEIRO DE ARAUJO|67957870287||23121974|1|3||1|||BRA|2|||||||||||||
42|1|16002| ||3|2|||0|022015|1|1|0|0|0|0|0|0|0|0|0|0|||||0||||||||||||||||||0|||||||0|||||||||3220|800
42|2|16002|||3|2|||0|022015|1|1|0|0|0|0|0|0|0|0|0|0|||||0||||||||||||||||||1|1|0|1|0|0|0|0|||||||||3220|800
42|1|107866|150222|||2|||0|012011|1|1|0|0|0|0|0|0|0|0|0|0|||||0||||||||||||||||||1|1|0|1|0|0|0|0|||||||||3240|0
42|2|107866|150222|||2|||0|012011|1|1|0|0|0|0|0|0|0|0|0|0|||||0||||||||||||||||||1|1|0|1|0|0|0|0|||||||||3240|0
41||DIEGO DOUGLAS DOS SANTOS|79179487220||22031985|0|1||1|35|3550308|BRA|0|||||||||||||
42|1|15989|||3|2||||022009|1|0|0|0|0|0|0|0|0|1|0|0|||||0||||||||||||||||||0|||||||0|||||||||3580|480
42|2|15989|||3|2||||022009|1|0|0|0|0|0|0|0|0|1|0|0|||||0||||||||||||||||||0|||||||0|||||||||3580|480
42|1|16009|||1|2|||0|022009|1|0|0|0|0|0|0|0|0|1|0|0|||||0||||||||||||||||||0|||||||0|||||||||3580|480
42|2|16009|||1|2|||0|022009|1|0|0|0|0|0|0|0|0|1|0|0|||||0||||||||||||||||||0|||||||0|||||||||3580|480
41||FRANCISCO RENATO DOS SANTOS GOMES|84249935353||13101979|0|1||1|||BRA|2|||||||||||||
42|1|120741|||2|4||||012014|1|1|0|0|0|0|0|0|0|0|0|0|||||0||||||||||||||||||0|||||||0|||||||||5595|1500
42|2|120741|||2|4||||012014|1|1|0|0|0|0|0|0|0|0|0|0|||||0||||||||||||||||||0|||||||0|||||||||5595|5595
41||DAIANA MARIA VERISSIMO BARBOSA DA SILVA|86016261220||20051986|1|3||1|11|1100205|BRA|0|||||||||||||
42|1|120741|||2|4||||012014|1|1|0|0|0|0|0|0|0|0|0||||||0||||||||||||||||||0|||||||0|||||||||5595|1860
42|2|120741|||2|4||||012014|1|1|0|0|0|0|0|0|0|0|0||||||0||||||||||||||||||0|||||||0|||||||||5595|1980
41||JOANA MARTINIANA DA SILVA|02184755869||16101957|1|3||1|||BRA|2|||||||||||||
42|1|16003|||2|3|||0|012017|1|1|0|0|0|0|0|0|0|0|0||||||0||||||||||||||||||0|||||||0|||||||||2760|1220
42|2|16003|||2|3|||0|012017|1|1|0|0|0|0|0|0|0|0|0||||||0||||||||||||||||||0|||||||0|||||||||2760|1220
42|1|107868|150224|||3|||0|012011|1|1|0|0|0|0|0|0|0|0|0||||||0||||||||||||||||||0|||||||0|||||||||3120|460
42|2|107868|150224|||3|||0|012011|1|1|0|0|0|0|0|0|0|0|0||||||0||||||||||||||||||0|||||||0|||||||||3120|460
41||MARCOS LUCAS ALENCAR DA SILVA|85464961291||07011985|0|0||1|||BRA|2|||||||||||||
42|1|16008|||2|2||||012014|1|0|1|0|0|0|0|0|0|0|0|0|||||0||||||||||||||||||0|||||||0|||||||||2800|1240
42|2|16008|||2|2||||012014|1|0|1|0|0|0|0|0|0|0|0|0|||||0||||||||||||||||||0|||||||0|||||||||2800|1240
42|1|24092|||3|2||||022016|1|0|1|0|0|0|0|0|0|0|0|0|||||0||||||||||||||||||0|||||||0|||||||||3080|1520
42|2|24092|||3|2||||022016|1|0|1|0|0|0|0|0|0|0|0|0|||||0||||||||||||||||||0|||||||0|||||||||3080|1520
41||MARIA JOSE CABRAL PEREIRA|59677325272||18051977|1|1||1|||BRA|2|||||||||||||
42|1|16003|||2|4|||0|012015|1|0|0|0|0|0|0|0|0|1|0||||||0||||||||||||||||||0|||||||0|||||||||2760|1040
42|2|16003|||2|4|||0|012015|1|0|0|0|0|0|0|0|0|1|0||||||0||||||||||||||||||0|||||||0|||||||||2760|1040
42|1|107868|150224|||3|||0|012011|1|0|0|0|0|0|0|0|0|1|0||||||0||||||||||||||||||0|||||||0|||||||||3120|380
42|2|107868|150224|||3|||0|012011|1|0|0|0|0|0|0|0|0|1|0||||||0||||||||||||||||||0|||||||0|||||||||3120|380